Исходная матрица - прямоугольная, а СЛАУ - переопределенная, т.к. кол-во строк больше кол-ва столбцов
Исходная матрица не является матрицей неполного ранга, т.к. ранг матрицы rank = 4 равен кол-ву независимых строк/столбцов n = 4
========================================
Левая ортогональная матрица U:
[[-3.0000e-05  1.5200e-02  2.9357e-01  5.7720e-01 -1.0283e-01 -6.2080e-02
  -3.3480e-02 -1.5810e-02 -7.8900e-03 -8.5200e-03 -1.6500e-02 -3.0650e-02
  -4.9770e-02 -7.2650e-02 -9.8120e-02 -1.2497e-01 -1.5200e-01 -1.7803e-01
  -2.0186e-01 -2.2229e-01 -2.3813e-01 -2.4818e-01 -2.5125e-01 -2.4615e-01
  -2.3167e-01 -2.0663e-01 -1.6983e-01 -1.2007e-01 -5.6160e-02  2.3090e-02]
 [-1.4000e-04  2.4490e-02  3.1014e-01  3.9642e-01 -1.3091e-01 -8.3760e-02
  -4.5440e-02 -1.5030e-02  8.3600e-03  2.5640e-02  3.7720e-02  4.5520e-02
   4.9930e-02  5.1870e-02  5.2240e-02  5.1960e-02  5.1920e-02  5.3040e-02
   5.6220e-02  6.2370e-02  7.2400e-02  8.7220e-02  1.0774e-01  1.3486e-01
   1.6949e-01  2.1253e-01  2.6491e-01  3.2751e-01  4.0126e-01  4.8706e-01]
 [-4.3000e-04  3.7120e-02  3.1755e-01  2.4371e-01 -3.1080e-02  3.6450e-02
   9.4160e-02  1.4247e-01  1.8185e-01  2.1274e-01  2.3557e-01  2.5081e-01
   2.5889e-01  2.6027e-01  2.5538e-01  2.4468e-01  2.2860e-01  2.0761e-01
   1.8214e-01  1.5263e-01  1.1955e-01  8.3320e-02  4.4410e-02  3.2500e-03
  -3.9710e-02 -8.4030e-02 -1.2925e-01 -1.7493e-01 -2.2062e-01 -2.6588e-01]
 [-1.0200e-03  5.2540e-02  3.1666e-01  1.1717e-01 -2.1126e-01 -2.5204e-01
  -2.7564e-01 -2.8392e-01 -2.7874e-01 -2.6195e-01 -2.3541e-01 -2.0098e-01
  -1.6052e-01 -1.1588e-01 -6.8930e-02 -2.1510e-02  2.4510e-02  6.7280e-02
   1.0493e-01  1.3561e-01  1.5747e-01  1.6864e-01  1.6727e-01  1.5150e-01
   1.1948e-01  6.9330e-02 -7.8000e-04 -9.2730e-02 -2.0836e-01 -3.4954e-01]
 [-2.0000e-03  7.0220e-02  3.0833e-01  1.4880e-02  9.3927e-01 -5.7520e-02
  -5.3890e-02 -4.9890e-02 -4.5590e-02 -4.1050e-02 -3.6330e-02 -3.1500e-02
  -2.6620e-02 -2.1750e-02 -1.6960e-02 -1.2300e-02 -7.8400e-03 -3.6500e-03
   2.2000e-04  3.7100e-03  6.7400e-03  9.2600e-03  1.1210e-02  1.2520e-02
   1.3120e-02  1.2970e-02  1.1990e-02  1.0120e-02  7.3000e-03  3.4700e-03]
 [-3.4800e-03  8.9620e-02  2.9343e-01 -6.5060e-02 -6.8130e-02  9.2904e-01
  -7.1880e-02 -7.1090e-02 -6.8790e-02 -6.5150e-02 -6.0380e-02 -5.4670e-02
  -4.8210e-02 -4.1190e-02 -3.3800e-02 -2.6240e-02 -1.8700e-02 -1.1370e-02
  -4.4500e-03  1.8800e-03  7.4200e-03  1.1980e-02  1.5370e-02  1.7390e-02
   1.7850e-02  1.6570e-02  1.3340e-02  7.9700e-03  2.8000e-04 -9.9300e-03]
 [-5.5700e-03  1.1020e-01  2.7282e-01 -1.2456e-01 -7.2180e-02 -7.9730e-02
   9.1569e-01 -8.6210e-02 -8.5710e-02 -8.3080e-02 -7.8610e-02 -7.2570e-02
  -6.5260e-02 -5.6950e-02 -4.7920e-02 -3.8450e-02 -2.8830e-02 -1.9330e-02
  -1.0240e-02 -1.8300e-03  5.6100e-03  1.1790e-02  1.6450e-02  1.9300e-02
   2.0050e-02  1.8430e-02  1.4160e-02  6.9500e-03 -3.4700e-03 -1.7400e-02]
 [-8.3600e-03  1.3141e-01  2.4736e-01 -1.6551e-01 -7.3240e-02 -8.4300e-02
  -9.1710e-02  9.0419e-01 -9.6910e-02 -9.5360e-02 -9.1490e-02 -8.5630e-02
  -7.8120e-02 -6.9280e-02 -5.9460e-02 -4.8980e-02 -3.8170e-02 -2.7380e-02
  -1.6920e-02 -7.1500e-03  1.6200e-03  9.0500e-03  1.4810e-02  1.8560e-02
   1.9970e-02  1.8710e-02  1.4440e-02  6.8300e-03 -4.4500e-03 -1.9730e-02]
 [-1.1950e-02  1.5271e-01  2.1792e-01 -1.8984e-01 -7.1660e-02 -8.5140e-02
  -9.4620e-02 -1.0044e-01  8.9703e-01 -1.0255e-01 -9.9540e-02 -9.4280e-02
  -8.7140e-02 -7.8450e-02 -6.8580e-02 -5.7880e-02 -4.6700e-02 -3.5380e-02
  -2.4290e-02 -1.3780e-02 -4.1900e-03  4.1200e-03  1.0800e-02  1.5490e-02
   1.7850e-02  1.7510e-02  1.4140e-02  7.3800e-03 -3.1300e-03 -1.7730e-02]
 [-1.6460e-02  1.7358e-01  1.8535e-01 -1.9944e-01 -6.7790e-02 -8.2700e-02
  -9.3550e-02 -1.0069e-01 -1.0446e-01  8.9481e-01 -1.0324e-01 -9.8950e-02
  -9.2660e-02 -8.4710e-02 -7.5440e-02 -6.5210e-02 -5.4350e-02 -4.3210e-02
  -3.2120e-02 -2.1440e-02 -1.1500e-02 -2.6500e-03  4.7700e-03  1.0410e-02
   1.3930e-02  1.5000e-02  1.3250e-02  8.3700e-03 -1.0000e-05 -1.2220e-02]
 [-2.1990e-02  1.9345e-01  1.5053e-01 -1.9622e-01 -6.1980e-02 -7.7450e-02
  -8.9060e-02 -9.7120e-02 -1.0194e-01 -1.0383e-01  8.9690e-01 -1.0006e-01
  -9.5030e-02 -8.8300e-02 -8.0200e-02 -7.1020e-02 -6.1090e-02 -5.0710e-02
  -4.0190e-02 -2.9840e-02 -1.9980e-02 -1.0900e-02 -2.9300e-03  3.6300e-03
   8.4700e-03  1.1280e-02  1.1750e-02  9.5600e-03  4.4200e-03 -4.0000e-03]
 [-2.8630e-02  2.1180e-01  1.1430e-01 -1.8209e-01 -5.4570e-02 -6.9840e-02
  -8.1660e-02 -9.0290e-02 -9.5980e-02 -9.9000e-02 -9.9610e-02  9.0195e-01
  -9.4600e-02 -8.9490e-02 -8.3000e-02 -7.5370e-02 -6.6870e-02 -5.7760e-02
  -4.8280e-02 -3.8710e-02 -2.9280e-02 -2.0270e-02 -1.1930e-02 -4.5200e-03
   1.7200e-03  6.5100e-03  9.6000e-03  1.0740e-02  9.6600e-03  6.1200e-03]
 [-3.6500e-02  2.2808e-01  7.7550e-02 -1.5896e-01 -4.5930e-02 -6.0340e-02
  -7.1890e-02 -8.0760e-02 -8.7160e-02 -9.1270e-02 -9.3270e-02 -9.3350e-02
   9.0829e-01 -8.8530e-02 -8.4000e-02 -7.8310e-02 -7.1650e-02 -6.4210e-02
  -5.6180e-02 -4.7740e-02 -3.9090e-02 -3.0410e-02 -2.1890e-02 -1.3720e-02
  -6.0900e-03  8.0000e-04  6.7900e-03  1.1660e-02  1.5240e-02  1.7330e-02]
 [-4.5690e-02  2.4176e-01  4.1120e-02 -1.2873e-01 -3.6390e-02 -4.9400e-02
  -6.0280e-02 -6.9120e-02 -7.6040e-02 -8.1160e-02 -8.4560e-02 -8.6380e-02
  -8.6710e-02  9.1433e-01 -8.3360e-02 -7.9900e-02 -7.5380e-02 -6.9940e-02
  -6.3660e-02 -5.6660e-02 -4.9050e-02 -4.0940e-02 -3.2440e-02 -2.3660e-02
  -1.4710e-02 -5.6900e-03  3.2800e-03  1.2100e-02  2.0650e-02  2.8830e-02]
 [-5.6310e-02  2.5229e-01  5.8900e-03 -9.3300e-02 -2.6300e-02 -3.7490e-02
  -4.7360e-02 -5.5920e-02 -6.3200e-02 -6.9220e-02 -7.4000e-02 -7.7580e-02
  -7.9960e-02 -8.1170e-02  9.1877e-01 -8.0180e-02 -7.8020e-02 -7.4790e-02
  -7.0500e-02 -6.5180e-02 -5.8850e-02 -5.1530e-02 -4.3250e-02 -3.4030e-02
  -2.3880e-02 -1.2850e-02 -9.3000e-04  1.1830e-02  2.5420e-02  3.9820e-02]
 [-6.8460e-02  2.5913e-01 -2.7290e-02 -5.4590e-02 -1.6020e-02 -2.5080e-02
  -3.3670e-02 -4.1730e-02 -4.9200e-02 -5.6000e-02 -6.2080e-02 -6.7360e-02
  -7.1780e-02 -7.5280e-02 -7.7780e-02  9.2079e-01 -7.9520e-02 -7.8630e-02
  -7.6490e-02 -7.3010e-02 -6.8140e-02 -6.1810e-02 -5.3940e-02 -4.4490e-02
  -3.3370e-02 -2.0530e-02 -5.8900e-03  1.0620e-02  2.9050e-02  4.9470e-02]
 [-8.2250e-02  2.6174e-01 -5.7560e-02 -1.4500e-02 -5.9000e-03 -1.2610e-02
  -1.9730e-02 -2.7120e-02 -3.4610e-02 -4.2050e-02 -4.9290e-02 -5.6170e-02
  -6.2550e-02 -6.8250e-02 -7.3140e-02 -7.7050e-02  9.2016e-01 -8.1340e-02
  -8.1400e-02 -7.9870e-02 -7.6590e-02 -7.1410e-02 -6.4180e-02 -5.4730e-02
  -4.2930e-02 -2.8600e-02 -1.1600e-02  8.2300e-03  3.1040e-02  5.6990e-02]
 [-9.7780e-02  2.5959e-01 -8.4040e-02  2.5060e-02  3.7100e-03 -5.5000e-04
  -6.0900e-03 -1.2650e-02 -2.0000e-02 -2.7900e-02 -3.6130e-02 -4.4430e-02
  -5.2590e-02 -6.0350e-02 -6.7480e-02 -7.3750e-02 -7.8920e-02  9.1725e-01
  -8.5020e-02 -8.5470e-02 -8.3870e-02 -7.9990e-02 -7.3600e-02 -6.4440e-02
  -5.2300e-02 -3.6930e-02 -1.8090e-02  4.4400e-03  3.0920e-02  6.1570e-02]
 [-1.1515e-01  2.5212e-01 -1.0588e-01  6.2190e-02  1.2470e-02  1.0630e-02
   6.7400e-03  1.1100e-03 -5.9400e-03 -1.4110e-02 -2.3090e-02 -3.2580e-02
  -4.2250e-02 -5.1820e-02 -6.0960e-02 -6.9370e-02 -7.6730e-02 -8.2760e-02
   9.1288e-01 -8.9520e-02 -8.9650e-02 -8.7190e-02 -8.1840e-02 -7.3300e-02
  -6.1250e-02 -4.5390e-02 -2.5400e-02 -9.8000e-04  2.8190e-02  6.2390e-02]
 [-1.3446e-01  2.3881e-01 -1.2221e-01  9.4980e-02  2.0030e-02  2.0480e-02
   1.8210e-02  1.3600e-02  7.0000e-03 -1.2100e-03 -1.0680e-02 -2.1030e-02
  -3.1890e-02 -4.2910e-02 -5.3720e-02 -6.3950e-02 -7.3230e-02 -8.1200e-02
  -8.7490e-02  9.0826e-01 -9.3580e-02 -9.2650e-02 -8.8570e-02 -8.0980e-02
  -6.9530e-02 -5.3830e-02 -3.3530e-02 -8.2600e-03  2.2350e-02  5.8660e-02]
 [-1.5583e-01  2.1910e-01 -1.3218e-01  1.2153e-01  2.6030e-02  2.8530e-02
   2.7800e-02  2.4230e-02  1.8250e-02  1.0240e-02  6.2000e-04 -1.0220e-02
  -2.1860e-02 -3.3890e-02 -4.5930e-02 -5.7550e-02 -6.8360e-02 -7.7950e-02
  -8.5910e-02 -9.1840e-02  9.0466e-01 -9.6000e-02 -9.3410e-02 -8.7180e-02
  -7.6890e-02 -6.2130e-02 -4.2520e-02 -1.7630e-02  1.2930e-02  4.9570e-02]
 [-1.7935e-01  1.9247e-01 -1.3492e-01  1.3992e-01  3.0130e-02  3.4330e-02
   3.4970e-02  3.2460e-02  2.7240e-02  1.9710e-02  1.0290e-02 -5.8000e-04
  -1.2480e-02 -2.5010e-02 -3.7730e-02 -5.0230e-02 -6.2080e-02 -7.2860e-02
  -8.2160e-02 -8.9540e-02 -9.4600e-02  9.0310e-01 -9.6030e-02 -9.1560e-02
  -8.3080e-02 -7.0160e-02 -5.2390e-02 -2.9330e-02 -5.7000e-04  3.4300e-02]
 [-2.0512e-01  1.5836e-01 -1.2956e-01  1.4825e-01  3.1970e-02  3.7410e-02
   3.9190e-02  3.7720e-02  3.3400e-02  2.6640e-02  1.7860e-02  7.4700e-03
  -4.1300e-03 -1.6520e-02 -2.9290e-02 -4.2040e-02 -5.4350e-02 -6.5810e-02
  -7.6020e-02 -8.4550e-02 -9.1010e-02 -9.4980e-02  9.0395e-01 -9.3820e-02
  -8.7860e-02 -7.7780e-02 -6.3150e-02 -4.3580e-02 -1.8650e-02  1.2060e-02]
 [-2.3325e-01  1.1625e-01 -1.1524e-01  1.4462e-01  3.1210e-02  3.7320e-02
   3.9930e-02  3.9420e-02  3.6160e-02  3.0500e-02  2.2820e-02  1.3490e-02
   2.8700e-03 -8.6700e-03 -2.0760e-02 -3.3030e-02 -4.5120e-02 -5.6650e-02
  -6.7260e-02 -7.6590e-02 -8.4250e-02 -8.9890e-02 -9.3140e-02  9.0637e-01
  -9.0990e-02 -8.4850e-02 -7.4850e-02 -6.0610e-02 -4.1780e-02 -1.7980e-02]
 [-2.6385e-01  6.5580e-02 -9.1110e-02  1.2712e-01  2.7490e-02  3.3580e-02
   3.6660e-02  3.7020e-02  3.4950e-02  3.0740e-02  2.4670e-02  1.7050e-02
   8.1500e-03 -1.7200e-03 -1.2290e-02 -2.3260e-02 -3.4340e-02 -4.5250e-02
  -5.5680e-02 -6.5360e-02 -7.3980e-02 -8.1270e-02 -8.6930e-02 -9.0670e-02
   9.0779e-01 -9.1240e-02 -8.7490e-02 -8.0660e-02 -7.0460e-02 -5.6600e-02]
 [-2.9701e-01  5.8200e-03 -5.6300e-02  9.3830e-02  2.0470e-02  2.5750e-02
   2.8850e-02  2.9940e-02  2.9210e-02  2.6810e-02  2.2930e-02  1.7730e-02
   1.1380e-02  4.0700e-03 -4.0400e-03 -1.2780e-02 -2.1980e-02 -3.1460e-02
  -4.1050e-02 -5.0580e-02 -5.9870e-02 -6.8760e-02 -7.7070e-02 -8.4640e-02
  -9.1280e-02  9.0318e-01 -1.0111e-01 -1.0395e-01 -1.0518e-01 -1.0463e-01]
 [-3.3284e-01 -6.3570e-02 -9.9400e-03  4.2870e-02  9.8000e-03  1.3350e-02
   1.5960e-02  1.7620e-02  1.8360e-02  1.8170e-02  1.7080e-02  1.5090e-02
   1.2210e-02  8.4600e-03  3.8300e-03 -1.6500e-03 -7.9800e-03 -1.5150e-02
  -2.3150e-02 -3.1960e-02 -4.1590e-02 -5.2010e-02 -6.3210e-02 -7.5200e-02
  -8.7950e-02 -1.0146e-01  8.8428e-01 -1.3071e-01 -1.4643e-01 -1.6287e-01]
 [-3.7144e-01 -1.4313e-01  4.8830e-02 -2.7690e-02 -4.8700e-03 -4.0600e-03
  -2.5400e-03 -5.1000e-04  1.8300e-03  4.2800e-03  6.6400e-03  8.7100e-03
   1.0290e-02  1.1180e-02  1.1180e-02  1.0080e-02  7.6900e-03  3.8100e-03
  -1.7600e-03 -9.2300e-03 -1.8790e-02 -3.0650e-02 -4.5000e-02 -6.2040e-02
  -8.1980e-02 -1.0502e-01 -1.3135e-01  8.3882e-01 -1.9470e-01 -2.3212e-01]
 [-4.1292e-01 -2.3341e-01  1.2087e-01 -1.1975e-01 -2.3900e-02 -2.6960e-02
  -2.7180e-02 -2.5020e-02 -2.0940e-02 -1.5410e-02 -8.8900e-03 -1.8400e-03
   5.2700e-03  1.1990e-02  1.7840e-02  2.2360e-02  2.5090e-02  2.5570e-02
   2.3330e-02  1.7910e-02  8.8500e-03 -4.3300e-03 -2.2070e-02 -4.4850e-02
  -7.3120e-02 -1.0736e-01 -1.4802e-01 -1.9558e-01  7.4952e-01 -3.1320e-01]
 [-4.5738e-01 -3.3494e-01  2.0704e-01 -2.3521e-01 -4.7630e-02 -5.5810e-02
  -5.8490e-02 -5.6480e-02 -5.0530e-02 -4.1450e-02 -3.0010e-02 -1.6990e-02
  -3.1900e-03  1.0620e-02  2.3660e-02  3.5130e-02  4.4260e-02  5.0260e-02
   5.2350e-02  4.9750e-02  4.1660e-02  2.7320e-02  5.9300e-03 -2.3290e-02
  -6.1130e-02 -1.0836e-01 -1.6577e-01 -2.3414e-01 -3.1426e-01  5.9309e-01]]
========================================
Сингулярные числа матрицы:
[455.46093  16.44556   2.95755   0.7622 ]
========================================
Правая ортогональная матрица VT:
[[-0.008   -0.03829 -0.19104 -0.9808 ]
 [ 0.19692  0.44686  0.8528  -0.18516]
 [ 0.83279  0.39271 -0.38653  0.05316]
 [ 0.51732 -0.80289  0.29468 -0.03027]]
========================================
СВОЙСТВА СИНГУЛЯРНОГО РАЗЛОЖЕНИЯ:
Матрицы U и VT всегда квадратные размером mxm и nxn соответственно.
Столбцы и строки матриц U и VT всегда ортонормированы.

Проверка нормы столбцов и строк матрицы U:
1 столбец:	0.99999
1 строка:	1.0
2 столбец:	1.0
2 строка:	1.0
3 столбец:	1.00001
3 строка:	1.0
4 столбец:	1.0
4 строка:	1.0
5 столбец:	1.0
5 строка:	1.0
6 столбец:	1.0
6 строка:	1.0
7 столбец:	1.0
7 строка:	1.00001
8 столбец:	1.0
8 строка:	1.0
9 столбец:	1.0
9 строка:	1.0
10 столбец:	1.0
10 строка:	1.0
11 столбец:	1.0
11 строка:	1.0
12 столбец:	1.0
12 строка:	1.0
13 столбец:	1.0
13 строка:	1.0
14 столбец:	1.0
14 строка:	1.0
15 столбец:	1.0
15 строка:	1.00001
16 столбец:	1.0
16 строка:	1.0
17 столбец:	0.99999
17 строка:	1.0
18 столбец:	1.00001
18 строка:	1.00001
19 столбец:	1.0
19 строка:	1.0
20 столбец:	1.0
20 строка:	1.0
21 столбец:	1.0
21 строка:	1.0
22 столбец:	1.0
22 строка:	1.0
23 столбец:	1.0
23 строка:	1.0
24 столбец:	1.0
24 строка:	1.0
25 столбец:	1.0
25 строка:	1.0
26 столбец:	1.0
26 строка:	1.0
27 столбец:	1.0
27 строка:	1.0
28 столбец:	1.0
28 строка:	0.99999
29 столбец:	1.0
29 строка:	1.0
30 столбец:	1.0
30 строка:	1.0

Проверка нормы столбцов и строк матрицы V:
1 столбец:	1.0
1 строка:	1.0
2 столбец:	1.0
2 строка:	1.00001
3 столбец:	1.0
3 строка:	1.0
4 столбец:	1.0
4 строка:	1.0
Следовательно, матрицы U и VT - ортогональные.
Сингулярные числа расположены по главной диагонали в невозрастающем порядке: [455.46093  16.44556   2.95755   0.7622 ]
Число обусловленности исходной матрицы: 597.56092

Ранг матрицы равен кол-ву ненулевых сингулярных чисел k = rank = 4 и значение ранга совпадает с первоначальными расчётами
========================================
Корни СЛАУ:
[-0.23773, 1.98582, -0.91696, 0.09796]
Погрешность решения: 13.40089%
========================================
Изменение одного из значений матрицы на (1 строка 1 столбец)1e-05
Левая ортогональная матрица U:
[[-3.0000e-05  1.5200e-02  2.9357e-01  5.7720e-01 -1.0283e-01 -6.2080e-02
  -3.3470e-02 -1.5810e-02 -7.8800e-03 -8.5100e-03 -1.6500e-02 -3.0650e-02
  -4.9770e-02 -7.2650e-02 -9.8120e-02 -1.2497e-01 -1.5200e-01 -1.7803e-01
  -2.0186e-01 -2.2229e-01 -2.3813e-01 -2.4818e-01 -2.5125e-01 -2.4614e-01
  -2.3167e-01 -2.0663e-01 -1.6983e-01 -1.2007e-01 -5.6160e-02  2.3090e-02]
 [-1.4000e-04  2.4490e-02  3.1014e-01  3.9642e-01 -1.3091e-01 -8.3760e-02
  -4.5440e-02 -1.5030e-02  8.3500e-03  2.5640e-02  3.7720e-02  4.5520e-02
   4.9930e-02  5.1870e-02  5.2240e-02  5.1960e-02  5.1920e-02  5.3040e-02
   5.6220e-02  6.2370e-02  7.2400e-02  8.7230e-02  1.0774e-01  1.3486e-01
   1.6949e-01  2.1254e-01  2.6491e-01  3.2752e-01  4.0126e-01  4.8706e-01]
 [-4.3000e-04  3.7120e-02  3.1755e-01  2.4371e-01 -3.1080e-02  3.6450e-02
   9.4160e-02  1.4247e-01  1.8185e-01  2.1274e-01  2.3557e-01  2.5081e-01
   2.5889e-01  2.6027e-01  2.5538e-01  2.4468e-01  2.2860e-01  2.0761e-01
   1.8214e-01  1.5263e-01  1.1955e-01  8.3320e-02  4.4410e-02  3.2500e-03
  -3.9710e-02 -8.4030e-02 -1.2925e-01 -1.7493e-01 -2.2062e-01 -2.6588e-01]
 [-1.0200e-03  5.2540e-02  3.1666e-01  1.1716e-01 -2.1126e-01 -2.5204e-01
  -2.7564e-01 -2.8392e-01 -2.7874e-01 -2.6195e-01 -2.3541e-01 -2.0098e-01
  -1.6052e-01 -1.1588e-01 -6.8930e-02 -2.1510e-02  2.4510e-02  6.7280e-02
   1.0493e-01  1.3561e-01  1.5747e-01  1.6864e-01  1.6727e-01  1.5150e-01
   1.1947e-01  6.9330e-02 -7.8000e-04 -9.2730e-02 -2.0836e-01 -3.4954e-01]
 [-2.0000e-03  7.0220e-02  3.0833e-01  1.4880e-02  9.3927e-01 -5.7520e-02
  -5.3890e-02 -4.9890e-02 -4.5590e-02 -4.1050e-02 -3.6330e-02 -3.1500e-02
  -2.6620e-02 -2.1750e-02 -1.6960e-02 -1.2300e-02 -7.8400e-03 -3.6500e-03
   2.2000e-04  3.7100e-03  6.7400e-03  9.2600e-03  1.1210e-02  1.2520e-02
   1.3130e-02  1.2970e-02  1.1990e-02  1.0120e-02  7.3000e-03  3.4700e-03]
 [-3.4800e-03  8.9620e-02  2.9343e-01 -6.5060e-02 -6.8130e-02  9.2904e-01
  -7.1880e-02 -7.1090e-02 -6.8790e-02 -6.5150e-02 -6.0380e-02 -5.4670e-02
  -4.8210e-02 -4.1190e-02 -3.3800e-02 -2.6240e-02 -1.8700e-02 -1.1370e-02
  -4.4500e-03  1.8800e-03  7.4200e-03  1.1980e-02  1.5370e-02  1.7390e-02
   1.7850e-02  1.6570e-02  1.3340e-02  7.9700e-03  2.8000e-04 -9.9300e-03]
 [-5.5700e-03  1.1020e-01  2.7282e-01 -1.2456e-01 -7.2180e-02 -7.9730e-02
   9.1569e-01 -8.6210e-02 -8.5710e-02 -8.3080e-02 -7.8610e-02 -7.2570e-02
  -6.5260e-02 -5.6950e-02 -4.7920e-02 -3.8450e-02 -2.8830e-02 -1.9330e-02
  -1.0240e-02 -1.8300e-03  5.6100e-03  1.1790e-02  1.6450e-02  1.9300e-02
   2.0050e-02  1.8430e-02  1.4160e-02  6.9500e-03 -3.4700e-03 -1.7400e-02]
 [-8.3600e-03  1.3141e-01  2.4736e-01 -1.6551e-01 -7.3240e-02 -8.4300e-02
  -9.1710e-02  9.0419e-01 -9.6910e-02 -9.5360e-02 -9.1490e-02 -8.5630e-02
  -7.8120e-02 -6.9280e-02 -5.9460e-02 -4.8980e-02 -3.8170e-02 -2.7380e-02
  -1.6920e-02 -7.1500e-03  1.6200e-03  9.0500e-03  1.4810e-02  1.8560e-02
   1.9970e-02  1.8710e-02  1.4440e-02  6.8300e-03 -4.4500e-03 -1.9730e-02]
 [-1.1950e-02  1.5271e-01  2.1792e-01 -1.8984e-01 -7.1660e-02 -8.5140e-02
  -9.4620e-02 -1.0044e-01  8.9703e-01 -1.0255e-01 -9.9540e-02 -9.4280e-02
  -8.7140e-02 -7.8450e-02 -6.8580e-02 -5.7880e-02 -4.6700e-02 -3.5380e-02
  -2.4290e-02 -1.3780e-02 -4.1900e-03  4.1200e-03  1.0800e-02  1.5490e-02
   1.7850e-02  1.7510e-02  1.4140e-02  7.3800e-03 -3.1300e-03 -1.7730e-02]
 [-1.6460e-02  1.7358e-01  1.8535e-01 -1.9944e-01 -6.7790e-02 -8.2700e-02
  -9.3550e-02 -1.0069e-01 -1.0446e-01  8.9481e-01 -1.0324e-01 -9.8950e-02
  -9.2660e-02 -8.4710e-02 -7.5440e-02 -6.5210e-02 -5.4350e-02 -4.3210e-02
  -3.2120e-02 -2.1440e-02 -1.1500e-02 -2.6500e-03  4.7600e-03  1.0410e-02
   1.3930e-02  1.5000e-02  1.3250e-02  8.3700e-03 -1.0000e-05 -1.2220e-02]
 [-2.1990e-02  1.9345e-01  1.5053e-01 -1.9622e-01 -6.1980e-02 -7.7450e-02
  -8.9060e-02 -9.7120e-02 -1.0194e-01 -1.0383e-01  8.9690e-01 -1.0006e-01
  -9.5030e-02 -8.8300e-02 -8.0200e-02 -7.1020e-02 -6.1090e-02 -5.0710e-02
  -4.0190e-02 -2.9840e-02 -1.9980e-02 -1.0900e-02 -2.9300e-03  3.6300e-03
   8.4700e-03  1.1280e-02  1.1750e-02  9.5600e-03  4.4200e-03 -4.0000e-03]
 [-2.8630e-02  2.1180e-01  1.1430e-01 -1.8209e-01 -5.4570e-02 -6.9840e-02
  -8.1660e-02 -9.0290e-02 -9.5980e-02 -9.9000e-02 -9.9610e-02  9.0195e-01
  -9.4600e-02 -8.9490e-02 -8.3000e-02 -7.5370e-02 -6.6870e-02 -5.7760e-02
  -4.8280e-02 -3.8710e-02 -2.9280e-02 -2.0270e-02 -1.1930e-02 -4.5200e-03
   1.7200e-03  6.5100e-03  9.6000e-03  1.0740e-02  9.6600e-03  6.1200e-03]
 [-3.6500e-02  2.2808e-01  7.7550e-02 -1.5896e-01 -4.5930e-02 -6.0340e-02
  -7.1890e-02 -8.0760e-02 -8.7160e-02 -9.1270e-02 -9.3270e-02 -9.3350e-02
   9.0829e-01 -8.8530e-02 -8.4000e-02 -7.8310e-02 -7.1650e-02 -6.4210e-02
  -5.6180e-02 -4.7740e-02 -3.9090e-02 -3.0410e-02 -2.1890e-02 -1.3720e-02
  -6.0900e-03  8.0000e-04  6.7900e-03  1.1660e-02  1.5240e-02  1.7330e-02]
 [-4.5690e-02  2.4176e-01  4.1120e-02 -1.2873e-01 -3.6390e-02 -4.9400e-02
  -6.0280e-02 -6.9120e-02 -7.6040e-02 -8.1160e-02 -8.4560e-02 -8.6380e-02
  -8.6710e-02  9.1433e-01 -8.3360e-02 -7.9900e-02 -7.5380e-02 -6.9940e-02
  -6.3660e-02 -5.6660e-02 -4.9050e-02 -4.0940e-02 -3.2450e-02 -2.3660e-02
  -1.4710e-02 -5.6900e-03  3.2800e-03  1.2100e-02  2.0650e-02  2.8830e-02]
 [-5.6310e-02  2.5229e-01  5.8900e-03 -9.3300e-02 -2.6300e-02 -3.7490e-02
  -4.7360e-02 -5.5920e-02 -6.3200e-02 -6.9220e-02 -7.4000e-02 -7.7580e-02
  -7.9960e-02 -8.1170e-02  9.1877e-01 -8.0180e-02 -7.8020e-02 -7.4790e-02
  -7.0500e-02 -6.5180e-02 -5.8850e-02 -5.1530e-02 -4.3250e-02 -3.4030e-02
  -2.3880e-02 -1.2850e-02 -9.3000e-04  1.1830e-02  2.5420e-02  3.9820e-02]
 [-6.8460e-02  2.5913e-01 -2.7290e-02 -5.4590e-02 -1.6020e-02 -2.5080e-02
  -3.3670e-02 -4.1730e-02 -4.9200e-02 -5.6000e-02 -6.2080e-02 -6.7360e-02
  -7.1780e-02 -7.5280e-02 -7.7780e-02  9.2079e-01 -7.9520e-02 -7.8630e-02
  -7.6490e-02 -7.3010e-02 -6.8140e-02 -6.1810e-02 -5.3940e-02 -4.4490e-02
  -3.3370e-02 -2.0530e-02 -5.8900e-03  1.0620e-02  2.9050e-02  4.9470e-02]
 [-8.2250e-02  2.6174e-01 -5.7550e-02 -1.4500e-02 -5.9000e-03 -1.2610e-02
  -1.9730e-02 -2.7120e-02 -3.4610e-02 -4.2050e-02 -4.9290e-02 -5.6170e-02
  -6.2550e-02 -6.8250e-02 -7.3140e-02 -7.7050e-02  9.2016e-01 -8.1340e-02
  -8.1400e-02 -7.9870e-02 -7.6590e-02 -7.1410e-02 -6.4180e-02 -5.4730e-02
  -4.2930e-02 -2.8600e-02 -1.1600e-02  8.2300e-03  3.1040e-02  5.6990e-02]
 [-9.7780e-02  2.5959e-01 -8.4040e-02  2.5060e-02  3.7100e-03 -5.5000e-04
  -6.0900e-03 -1.2650e-02 -2.0000e-02 -2.7900e-02 -3.6130e-02 -4.4430e-02
  -5.2590e-02 -6.0350e-02 -6.7480e-02 -7.3750e-02 -7.8920e-02  9.1725e-01
  -8.5020e-02 -8.5470e-02 -8.3870e-02 -7.9990e-02 -7.3600e-02 -6.4440e-02
  -5.2300e-02 -3.6930e-02 -1.8090e-02  4.4400e-03  3.0920e-02  6.1570e-02]
 [-1.1515e-01  2.5212e-01 -1.0588e-01  6.2190e-02  1.2470e-02  1.0630e-02
   6.7400e-03  1.1100e-03 -5.9400e-03 -1.4110e-02 -2.3090e-02 -3.2580e-02
  -4.2250e-02 -5.1820e-02 -6.0960e-02 -6.9370e-02 -7.6730e-02 -8.2760e-02
   9.1288e-01 -8.9520e-02 -8.9650e-02 -8.7190e-02 -8.1840e-02 -7.3300e-02
  -6.1250e-02 -4.5390e-02 -2.5400e-02 -9.8000e-04  2.8190e-02  6.2390e-02]
 [-1.3446e-01  2.3881e-01 -1.2221e-01  9.4980e-02  2.0030e-02  2.0480e-02
   1.8210e-02  1.3600e-02  7.0000e-03 -1.2100e-03 -1.0680e-02 -2.1030e-02
  -3.1890e-02 -4.2910e-02 -5.3720e-02 -6.3950e-02 -7.3230e-02 -8.1200e-02
  -8.7490e-02  9.0826e-01 -9.3580e-02 -9.2650e-02 -8.8570e-02 -8.0980e-02
  -6.9530e-02 -5.3830e-02 -3.3530e-02 -8.2600e-03  2.2350e-02  5.8660e-02]
 [-1.5583e-01  2.1910e-01 -1.3218e-01  1.2153e-01  2.6030e-02  2.8530e-02
   2.7800e-02  2.4230e-02  1.8250e-02  1.0240e-02  6.2000e-04 -1.0220e-02
  -2.1860e-02 -3.3890e-02 -4.5930e-02 -5.7550e-02 -6.8360e-02 -7.7950e-02
  -8.5910e-02 -9.1840e-02  9.0466e-01 -9.6000e-02 -9.3410e-02 -8.7180e-02
  -7.6890e-02 -6.2130e-02 -4.2520e-02 -1.7630e-02  1.2930e-02  4.9570e-02]
 [-1.7935e-01  1.9247e-01 -1.3492e-01  1.3992e-01  3.0130e-02  3.4330e-02
   3.4970e-02  3.2460e-02  2.7240e-02  1.9710e-02  1.0290e-02 -5.8000e-04
  -1.2480e-02 -2.5010e-02 -3.7730e-02 -5.0230e-02 -6.2080e-02 -7.2860e-02
  -8.2160e-02 -8.9540e-02 -9.4600e-02  9.0310e-01 -9.6030e-02 -9.1560e-02
  -8.3080e-02 -7.0160e-02 -5.2390e-02 -2.9330e-02 -5.7000e-04  3.4300e-02]
 [-2.0512e-01  1.5836e-01 -1.2956e-01  1.4825e-01  3.1970e-02  3.7410e-02
   3.9190e-02  3.7720e-02  3.3400e-02  2.6640e-02  1.7860e-02  7.4700e-03
  -4.1300e-03 -1.6520e-02 -2.9290e-02 -4.2040e-02 -5.4350e-02 -6.5810e-02
  -7.6020e-02 -8.4550e-02 -9.1010e-02 -9.4980e-02  9.0395e-01 -9.3820e-02
  -8.7860e-02 -7.7780e-02 -6.3150e-02 -4.3580e-02 -1.8650e-02  1.2060e-02]
 [-2.3325e-01  1.1625e-01 -1.1524e-01  1.4462e-01  3.1210e-02  3.7320e-02
   3.9930e-02  3.9420e-02  3.6160e-02  3.0500e-02  2.2820e-02  1.3490e-02
   2.8700e-03 -8.6700e-03 -2.0760e-02 -3.3030e-02 -4.5120e-02 -5.6650e-02
  -6.7260e-02 -7.6590e-02 -8.4250e-02 -8.9890e-02 -9.3140e-02  9.0637e-01
  -9.0990e-02 -8.4850e-02 -7.4850e-02 -6.0610e-02 -4.1780e-02 -1.7980e-02]
 [-2.6385e-01  6.5580e-02 -9.1110e-02  1.2712e-01  2.7490e-02  3.3580e-02
   3.6660e-02  3.7020e-02  3.4950e-02  3.0740e-02  2.4670e-02  1.7050e-02
   8.1500e-03 -1.7200e-03 -1.2290e-02 -2.3260e-02 -3.4340e-02 -4.5250e-02
  -5.5680e-02 -6.5360e-02 -7.3980e-02 -8.1270e-02 -8.6930e-02 -9.0670e-02
   9.0779e-01 -9.1240e-02 -8.7490e-02 -8.0660e-02 -7.0460e-02 -5.6600e-02]
 [-2.9701e-01  5.8200e-03 -5.6300e-02  9.3830e-02  2.0470e-02  2.5750e-02
   2.8850e-02  2.9940e-02  2.9210e-02  2.6810e-02  2.2930e-02  1.7730e-02
   1.1380e-02  4.0700e-03 -4.0400e-03 -1.2780e-02 -2.1980e-02 -3.1460e-02
  -4.1050e-02 -5.0580e-02 -5.9870e-02 -6.8760e-02 -7.7070e-02 -8.4640e-02
  -9.1280e-02  9.0318e-01 -1.0111e-01 -1.0395e-01 -1.0518e-01 -1.0463e-01]
 [-3.3284e-01 -6.3570e-02 -9.9400e-03  4.2870e-02  9.8000e-03  1.3350e-02
   1.5960e-02  1.7620e-02  1.8360e-02  1.8170e-02  1.7080e-02  1.5090e-02
   1.2210e-02  8.4600e-03  3.8300e-03 -1.6500e-03 -7.9800e-03 -1.5150e-02
  -2.3150e-02 -3.1960e-02 -4.1590e-02 -5.2010e-02 -6.3210e-02 -7.5200e-02
  -8.7950e-02 -1.0146e-01  8.8428e-01 -1.3071e-01 -1.4643e-01 -1.6287e-01]
 [-3.7144e-01 -1.4313e-01  4.8830e-02 -2.7690e-02 -4.8700e-03 -4.0600e-03
  -2.5400e-03 -5.1000e-04  1.8300e-03  4.2800e-03  6.6400e-03  8.7100e-03
   1.0290e-02  1.1180e-02  1.1180e-02  1.0080e-02  7.6900e-03  3.8100e-03
  -1.7600e-03 -9.2300e-03 -1.8790e-02 -3.0650e-02 -4.5000e-02 -6.2040e-02
  -8.1980e-02 -1.0502e-01 -1.3135e-01  8.3882e-01 -1.9470e-01 -2.3212e-01]
 [-4.1292e-01 -2.3341e-01  1.2087e-01 -1.1975e-01 -2.3900e-02 -2.6960e-02
  -2.7180e-02 -2.5020e-02 -2.0940e-02 -1.5410e-02 -8.8900e-03 -1.8400e-03
   5.2700e-03  1.1990e-02  1.7840e-02  2.2360e-02  2.5090e-02  2.5570e-02
   2.3330e-02  1.7910e-02  8.8500e-03 -4.3300e-03 -2.2070e-02 -4.4850e-02
  -7.3120e-02 -1.0736e-01 -1.4802e-01 -1.9558e-01  7.4952e-01 -3.1320e-01]
 [-4.5738e-01 -3.3494e-01  2.0704e-01 -2.3521e-01 -4.7630e-02 -5.5810e-02
  -5.8490e-02 -5.6480e-02 -5.0530e-02 -4.1450e-02 -3.0010e-02 -1.6990e-02
  -3.1900e-03  1.0620e-02  2.3660e-02  3.5130e-02  4.4260e-02  5.0260e-02
   5.2350e-02  4.9750e-02  4.1660e-02  2.7320e-02  5.9300e-03 -2.3300e-02
  -6.1130e-02 -1.0836e-01 -1.6577e-01 -2.3414e-01 -3.1426e-01  5.9309e-01]]
========================================
Сингулярные числа матрицы:
[455.46093  16.44556   2.95755   0.76221]
========================================
Правая ортогональная матрица VT:
[[-0.008   -0.03829 -0.19104 -0.9808 ]
 [ 0.19692  0.44686  0.8528  -0.18516]
 [ 0.83279  0.39271 -0.38653  0.05316]
 [ 0.51732 -0.80289  0.29468 -0.03027]]
========================================
Корни СЛАУ:
[-0.23772, 1.98581, -0.91695, 0.09796]
Погрешность решения: 13.39571%
Результаты вычислений улучшились в 1.00039 раз(а)